0 0.233701 0.802064 0.044325 0.058161
0 0.250938 0.743433 0.040807 0.053471
0 0.247420 0.855066 0.040807 0.055347
0 0.286820 0.714353 0.040807 0.055347
0 0.293152 0.766886 0.039400 0.055347
0 0.286820 0.867261 0.037992 0.057223
0 0.344864 0.818480 0.041510 0.049719
0 0.367378 0.727017 0.042917 0.056285
0 0.327275 0.710600 0.038696 0.055347
0 0.335718 0.767355 0.041510 0.056285
0 0.305816 0.828330 0.037992 0.054409
0 0.274156 0.810976 0.039400 0.057223
2 0.349085 0.564728 0.042917 0.050657
2 0.355417 0.514071 0.042917 0.046904
2 0.371599 0.469043 0.041510 0.048780
2 0.317777 0.594747 0.042214 0.048780
2 0.275915 0.595216 0.035882 0.049719
2 0.241440 0.515009 0.035882 0.052533
2 0.282598 0.431520 0.033771 0.048780
2 0.248827 0.565666 0.043621 0.046904
2 0.260788 0.475141 0.039400 0.040338
2 0.333607 0.465760 0.034475 0.045966
2 0.317425 0.512195 0.034475 0.046904
2 0.298429 0.553002 0.038696 0.047842
2 0.276266 0.514540 0.032364 0.053471
2 0.300891 0.470450 0.036585 0.051595
3 0.465174 0.687148 0.030253 0.060976
3 0.436679 0.751876 0.030957 0.062852
3 0.439845 0.817073 0.035882 0.060038
3 0.463766 0.796435 0.033068 0.060038
3 0.496834 0.795028 0.031660 0.064728
3 0.482059 0.743433 0.047139 0.040338
3 0.496834 0.696998 0.037289 0.054409
3 0.527087 0.717167 0.048546 0.044090
3 0.523921 0.770638 0.033771 0.060976
3 0.535178 0.823171 0.040807 0.051595
1 0.641065 0.224203 0.045732 0.078799
1 0.679409 0.294090 0.047842 0.075985
1 0.695943 0.186679 0.047139 0.090056
1 0.714939 0.318480 0.052767 0.083490
1 0.733583 0.227486 0.054878 0.072233
1 0.775094 0.272514 0.053471 0.070356
1 0.806051 0.207786 0.056285 0.068480
1 0.866909 0.270169 0.052767 0.073171
1 0.812735 0.317542 0.054174 0.066604