0 0.72325 0.572096 0.0725 0.0934579 0.271239
2 0.39125 0.184913 0.0665 0.101469 0.277778
0 0.53075 0.557076 0.0725 0.123498 0.319585
2 0.6945 0.235981 0.083 0.0874499 0.355519
0 0.586 0.627503 0.113 0.140187 0.363099
0 0.351 0.616822 0.093 0.106809 0.447238
0 0.45325 0.326769 0.0735 0.100801 0.478333
1 0.7225 0.321095 0.071 0.0854473 0.504529
0 0.29275 0.697597 0.0795 0.0947931 0.519862
1 0.72175 0.574766 0.0825 0.0987984 0.550742
0 0.6485 0.344793 0.095 0.128838 0.55933
0 0.599 0.49733 0.126 0.146862 0.576189
1 0.50475 0.825768 0.0745 0.100134 0.596298
0 0.31175 0.378171 0.0755 0.0967957 0.625132
1 0.7215 0.66522 0.085 0.0861148 0.638464
0 0.50125 0.653872 0.0615 0.0967957 0.655678
1 0.48175 0.444927 0.0915 0.138184 0.65711
0 0.6965 0.23498 0.067 0.0881175 0.680142
0 0.39 0.185915 0.068 0.106142 0.696613
1 0.5965 0.495661 0.113 0.134179 0.75205
0 0.4485 0.153872 0.069 0.0874499 0.788727
0 0.4275 0.698932 0.118 0.144192 0.808701
2 0.31225 0.376836 0.0785 0.0927904 0.808958
0 0.53525 0.74733 0.0805 0.0981308 0.821198
0 0.63875 0.219292 0.0535 0.104806 0.841517
0 0.58575 0.271696 0.0715 0.0907877 0.842889
0 0.45225 0.240988 0.0675 0.0974633 0.847034
0 0.66975 0.451936 0.0725 0.0947931 0.857499
0 0.73975 0.395194 0.0665 0.0934579 0.870387
0 0.38575 0.278371 0.0735 0.0881175 0.87848
0 0.50675 0.206609 0.0725 0.0981308 0.880925
0 0.51775 0.298732 0.0695 0.0861148 0.903736
0 0.44925 0.570761 0.0985 0.130841 0.921191
0 0.57675 0.181575 0.0625 0.0894526 0.936596
0 0.35 0.498999 0.099 0.132844 0.936954
0 0.6085 0.76769 0.068 0.105474 0.939766
0 0.3155 0.285381 0.068 0.0901202 0.945079
0 0.433 0.846462 0.075 0.104139 0.955779
0 0.241 0.598465 0.093 0.102136 0.957364
