3 0.762 0.35133 0.034 0.068
3 0.465 0.85933 0.038 0.05467
1 0.84 0.66933 0.104 0.12533
1 0.322 0.10467 0.096 0.12667
0 0.1025 0.41533 0.067 0.09467
3 0.7075 0.13733 0.087 0.07467
1 0.366 0.52133 0.048 0.06933
1 0.2475 0.63867 0.103 0.136
0 0.647 0.23067 0.068 0.088
1 0.2185 0.30133 0.091 0.12
2 0.7495 0.48067 0.049 0.07067
3 0.84 0.36867 0.05 0.07333
3 0.4535 0.71867 0.061 0.088
0 0.0895 0.686 0.077 0.1
0 0.882 0.774 0.054 0.07333
2 0.2375 0.50467 0.037 0.04933
2 0.899 0.42133 0.046 0.064
2 0.628 0.758 0.07 0.08133
3 0.93 0.26333 0.05 0.06267
2 0.3625 0.59133 0.063 0.068
2 0.0335 0.29933 0.039 0.052
1 0.049 0.17467 0.056 0.088
0 0.119 0.47867 0.04 0.056
1 0.3535 0.354 0.081 0.11333
3 0.905 0.67933 0.044 0.05467
3 0.6875 0.56267 0.077 0.096
