0 0.72325 0.572096 0.0725 0.0934579 0.271239
0 0.53075 0.557076 0.0725 0.123498 0.319585
0 0.586 0.627503 0.113 0.140187 0.363099
0 0.351 0.616822 0.093 0.106809 0.447238
0 0.45325 0.326769 0.0735 0.100801 0.478333
0 0.29275 0.697597 0.0795 0.0947931 0.519862
0 0.6485 0.344793 0.095 0.128838 0.55933
0 0.599 0.49733 0.126 0.146862 0.576189
0 0.31175 0.378171 0.0755 0.0967957 0.625132
0 0.50125 0.653872 0.0615 0.0967957 0.655678
0 0.6965 0.23498 0.067 0.0881175 0.680142
0 0.39 0.185915 0.068 0.106142 0.696613
0 0.4485 0.153872 0.069 0.0874499 0.788727
0 0.4275 0.698932 0.118 0.144192 0.808701
0 0.53525 0.74733 0.0805 0.0981308 0.821198
0 0.63875 0.219292 0.0535 0.104806 0.841517
0 0.58575 0.271696 0.0715 0.0907877 0.842889
0 0.45225 0.240988 0.0675 0.0974633 0.847034
0 0.66975 0.451936 0.0725 0.0947931 0.857499
0 0.73975 0.395194 0.0665 0.0934579 0.870387
0 0.38575 0.278371 0.0735 0.0881175 0.87848
0 0.50675 0.206609 0.0725 0.0981308 0.880925
0 0.51775 0.298732 0.0695 0.0861148 0.903736
0 0.44925 0.570761 0.0985 0.130841 0.921191
0 0.57675 0.181575 0.0625 0.0894526 0.936596
0 0.35 0.498999 0.099 0.132844 0.936954
0 0.6085 0.76769 0.068 0.105474 0.939766
0 0.3155 0.285381 0.068 0.0901202 0.945079
0 0.433 0.846462 0.075 0.104139 0.955779
0 0.241 0.598465 0.093 0.102136 0.957364
